00000000000000000000000000000000
00000000000011111100000000000000
00000000000111111110000000000000
00000000001110000111000000000000 
00000000011100000011100000000000
00000000111000000001110000000000
00000001110000000000111000000000
00000011100000000000011100000000
00000111000000000000001110000000
00001110000000000000000111000000
00011100000000000000000011100000
00011111111111111111111111100000
00111111111111111111111111110000
01110000000000000000000000111000
01100000000000000000000000011000
11000000000000000000000000001100
11000000000000000000000000001100
00000000000000000000000000000000
00000000000000000000000000000000
00000000000000000000000000000000
00000000000000000000000000000000
00000000000000000000000000000000
00000000000000000000000000000000
00000000000000000000000000000000
00000000000000000000000000000000
00000000000000000000000000000000
00000000000000000000000000000000
00000000000000000000000000000000
00000000000000000000000000000000
00000000000000000000000000000000
00000000000000000000000000000000
00000000000000000000000000000000
